[gd_scene load_steps=6 format=2]

[ext_resource path="res://Character.tscn" type="PackedScene" id=1]

[sub_resource type="SpatialMaterial" id=1]
albedo_color = Color( 0, 0.384314, 0.168627, 1 )

[sub_resource type="PlaneMesh" id=2]
material = SubResource( 1 )
size = Vector2( 50, 50 )

[sub_resource type="ProceduralSky" id=3]

[sub_resource type="Environment" id=4]
background_mode = 2
background_sky = SubResource( 3 )

[node name="Player" type="Spatial"]

[node name="Character" parent="." instance=ExtResource( 1 )]

[node name="TrailBone" parent="Character/Armature/Skeleton" index="2"]
transform = Transform( 0.537718, -0.494601, 0.68281, -0.789196, -0.580253, 0.201185, 0.296696, -0.647052, -0.70235, -16.3859, 99.6055, -138.167 )
visible = true

[node name="SlashBone" parent="Character/Armature/Skeleton" index="3"]
transform = Transform( 0.537718, -0.494601, 0.68281, -0.789196, -0.580253, 0.201185, 0.296696, -0.647052, -0.70235, -16.3859, 99.6055, -138.167 )
visible = true

[node name="FeetBone" parent="Character/Armature/Skeleton" index="4"]
transform = Transform( 0.96172, 0.27277, -0.0262884, -0.273944, 0.954514, -0.11772, -0.00701779, 0.120415, 0.992699, 24.1235, 41.5955, -84.857 )
visible = true

[node name="MeshInstance" type="MeshInstance" parent="."]
transform = Transform( 1, -7.45058e-09, 2.98023e-08, -7.45058e-09, 1, 0, 0, 0, 1, 0, 0, 0 )
mesh = SubResource( 2 )
material/0 = null

[node name="Camera" type="Camera" parent="."]
transform = Transform( 0.970477, -0.0369034, 0.238354, 0, 0.988226, 0.153003, -0.241194, -0.148486, 0.95905, 1.89245, 1.92548, 6.6648 )
current = true
near = 0.06

[node name="DirectionalLight" type="DirectionalLight" parent="."]
transform = Transform( 1, 0, 0, 0, 0.650403, 0.759589, 0, -0.759589, 0.650403, 0, 10.2562, 11.3478 )

[node name="WorldEnvironment" type="WorldEnvironment" parent="."]
environment = SubResource( 4 )

[editable path="Character"]
